trait/effect level  solution
   1   1         1         13.74772020   #HTD
   1   1         2          3.67365462
   1   1         3         11.25377641
   1   1         4         12.22747007
   1   1         5         11.91418178
   1   1         6          9.98876649
   1   1         7          6.66057526
   1   1         8          6.77928161
   1   1         9          6.84267256
   1   1        10          4.17576240  #HTD
   1   2         1         11.44699195  #L0 (fixed reg)
   1   3         1         -0.62955694
   1   4         1         -0.13066074
   1   5         1          0.34742758
   1   6         1         -0.42354030  #L5
   1   7         1         -0.45212473  #p0a
   1   7         2          0.22201943
   1   7         3         -0.54883204
   1   7         4          0.34117346
   1   7         5          0.85280181
   1   7         6         -0.07399949
   1   7         7         -0.05959395
   1   7         8          0.13358715
   1   8         1         -0.05161513 #p1a
   1   8         2          0.01301606
   1   8         3          0.07295078
   1   8         4          0.00546284
   1   8         5         -0.00925948
   1   8         6         -0.03079252
   1   8         7          0.05490436
   1   8         8         -0.02408848
   1   9         1          0.27891876 #p2a
   1   9         2         -0.01817007
   1   9         3          0.19493032
   1   9         4         -0.31449034
   1   9         5         -0.31392610
   1   9         6         -0.02368957
   1   9         7         -0.04334896
   1   9         8          0.06701809
   1  10         1         -0.77261444 #p0pe
   1  10         2         -0.09740618
   1  10         3         -1.99281772
   1  10         4         -0.65616790
   1  10         5          3.51904370
   1  10         6          0.00000000
   1  10         7          0.00000000
   1  10         8          0.00000000
   1  11         1          0.13732582 #p1pe
   1  11         2          0.28928374
   1  11         3          0.98513003
   1  11         4         -0.36044406
   1  11         5         -1.05130692
   1  11         6          0.00000000
   1  11         7          0.00000000
   1  11         8          0.00000000
   1  12         1          0.96658715 #p2pe
   1  12         2          0.97468507
   1  12         3         -0.06707898
   1  12         4         -1.46560361
   1  12         5         -0.40854050
   1  12         6          0.00000000
   1  12         7          0.00000000
   1  12         8          0.00000000
